01101000001011000111010010111011
10010110010010001101000111111010
11011110111110000101101011110111
01111001001001010000100010111101
00101111001001001100010100000001
01010011011001110001000001100101
11110111011110011011110010111101
00100001000101110011111000100001
10011110000001100011110001101110
00110101100000111010101101110011
01101110011111111000010111100101
00001101001001001111011011001001
01000000000011010000100111000011
11000101001011001111011100101001
10011011001101101001100111110101
01111000101101111000011001101110
11001011101111101110101000111000
00110001010011101001011001111010
10000011000110010111100001100110
11001011011011101110010100111011
11000110000101011001001110001110
10100100000011010100011001000010
00110011110001000110110101101010
00111100100101000000110100010000
00110000010110100010101100001101
10111111011110000100010111001101
00110110011101110110101110010110
00001100111100000000011110010111
11000100000110010100100111000001
01011110011110111000000011010111
00001111001110101011000001111100
01110111000111100010111101001000
